Example model created by Paul Merrell.  Do not insert or delete lines from this file.

x, y, and z extents
10 21 8

10 10 10 10 10 10 10 10 10 10 10 10 10 10 10 10 10 10 10 10 10 
10 10 10 10 10 10 10 10 10 10 10 10 10 10 10 10 10 10 10 10 10 
10 10 10 10 10 10 10 10 10 10 10 10 10 10 10 10 10 10 10 10 10 
10 10 10 10 10 10 10 10 10 10 10 10 10 10 10 10 10 10 10 10 10 
10 10 10 10 10 10 10 10 10 10 10 10 10 10 10 10 10 10 10 10 10 
10 10 10 10 10 10 10 10 10 10 10 10 10 10 10 10 10 10 10 10 10 
10 10 10 10 10 10 10 10 10 10 10 10 10 10 10 10 10 10 10 10 10 
10 10 10 10 10 10 10 10 10 10 10 10 10 10 10 10 10 10 10 10 10 
10 10 10 10 10 10 10 10 10 10 10 10 10 10 10 10 10 10 10 10 10 
10 10 10 10 10 10 10 10 10 10 10 10 10 10 10 10 10 10 10 10 10 

15 15 15 15 15 15 15 15 15 15 15 15 15 15 15 15 15 15 15 15 15 
15 15 15 15 15 15 15 15 15 15 15 15 15 15 15 15 15 15 15 15 15 
15 15 15 15 15 15 15 15  5 15 15 15 15 15 15 15 15 15 15 15 15 
15 15 15 15 15 15 15 15 15 15 15 15 15 15 15 15 15 15 15 15 15 
15 15 15 15 15 15 15 15 15 15 15 15 15 15 15 15 15 15 15 15 15 
15 15 15 15 15 15 15 15 15 15 15 15 15 15 15 15 15 15 15 15 15 
15 15 15 15 15 15 15 15 15 15 15 15 15 15 15 15 15 15 15 15 15 
15 15 15 15 15 15 15 15  5 15 15 15 15 15 15 15 15 15 15 15 15 
15 15 15 15 15 15 15 15 15 15 15 15 15 15 15 15 15 15 15 15 15 
15 15 15 15 15 15 15 15 15 15 15 15 15 15 15 15 15 15 15 15 15 

 5  5  5  5  5  5  5 16 16 16  5  5  5  5  5  5  5  5  5  5  5 
 5  5  5  5  5  5 16 11  6 13 16  5  5  5 17 25 25 18  5  5  5 
 5  5 16  5 16  5 16  8  0  2 16  5  5  5 26 15 15 27  5  5  5 
16 15 15 15 15  5 16 12  4 14 16  5 17 25 21 15 15 22 25 18  5 
 5 15 15 15 15 16  5 16 16 16  5  5 26 15 15 15 15 15 15 27  5 
16 15 15 15 15  5  5  5  5  5  5  5 26 15 15 15 15 15 15 27  5 
 5 15 15 15 15 16  5 11  6 13  5  5 20 28 24 15 15 23 28 19  5 
 5 16  5 16  5  5  5  8  0  2  5  5  5  5 26 15 15 27  5  5  5 
 5  5  5  5  5  5  5 12  4 14  5  5  5  5 20 28 28 19  5  5  5 
 5  5  5  5  5  5  5  5  5  5  5  5  5  5  5  5  5  5  5  5  5 

 0  0  0  0  0  0  0  0  0  0  0  0  0  0  0  0  0  0  0  0  0 
 0  0  0  0  0  0  0  0  0  0  0  0  0  0 29 37 37 30  0  0  0 
 0  1  4  4  7  0  0  0  0  0  0  0  0  0 38 15 15 39  0  0  0 
 1 14 15 15 12  7  0  0  0  0  0  0 29 37 33 15 15 34 37 30  0 
 2 15 15 15 15  8  0  0  0  0  0  0 38 15 15 15 15 15 15 39  0 
 2 15 15 15 15  8  0  0  0  0  0  0 38 15 15 15 15 15 15 39  0 
 3 13 15 15 11  9  0  0  0  0  0  0 32 40 36 15 15 35 40 31  0 
 0  3  6  6  9  0  0  0  0  0  0  0  0  0 38 15 15 39  0  0  0 
 0  0  0  0  0  0  0  0  0  0  0  0  0  0 32 40 40 31  0  0  0 
 0  0  0  0  0  0  0  0  0  0  0  0  0  0  0  0  0  0  0  0  0 

 0  0  0  0  0  0  0  0  0  0  0  0  0  0  0  0  0  0  0  0  0 
 0  0  0  0  0  0  0  0  0  0  0  0  0  0 29 37 37 30  0  0  0 
 0  0  0  0  0  0  0  0  0  0  0  0  0  0 38 15 15 39  0  0  0 
 0  1  4  4  7  0  0  0  0  0  0  0 29 37 33 15 15 34 37 30  0 
 0  2  5 16  8  0  0  0  0  0  0  0 38 15 15 15 15 15 15 39  0 
 0  2 16  5  8  0  0  0  0  0  0  0 38 15 15 15 15 15 15 39  0 
 0  3  6  6  9  0  0  0  0  0  0  0 32 40 36 15 15 35 40 31  0 
 0  0  0  0  0  0  0  0  0  0  0  0  0  0 38 15 15 39  0  0  0 
 0  0  0  0  0  0  0  0  0  0  0  0  0  0 32 40 40 31  0  0  0 
 0  0  0  0  0  0  0  0  0  0  0  0  0  0  0  0  0  0  0  0  0 

 0  0  0  0  0  0  0  0  0  0  0  0  0  0  0  0  0  0  0  0  0 
 0  0  0  0  0  0  0  0  0  0  0  0  0  0 41 49 49 42  0  0  0 
 0  0  0  0  0  0  0  0  0  0  0  0  0  0 50  5  5 51  0  0  0 
 0  0  0  0  0  0  0  0  0  0  0  0 41 49 45  5  5 46 49 42  0 
 0  0  0  0  0  0  0  0  0  0  0  0 50  5  5  5  5  5  5 51  0 
 0  0  0  0  0  0  0  0  0  0  0  0 50  5  5  5  5  5  5 51  0 
 0  0  0  0  0  0  0  0  0  0  0  0 44 52 48  5  5 47 52 43  0 
 0  0  0  0  0  0  0  0  0  0  0  0  0  0 50  5  5 51  0  0  0 
 0  0  0  0  0  0  0  0  0  0  0  0  0  0 44 52 52 43  0  0  0 
 0  0  0  0  0  0  0  0  0  0  0  0  0  0  0  0  0  0  0  0  0 

 0  0  0  0  0  0  0  0  0  0  0  0  0  0  0  0  0  0  0  0  0 
 0  0  0  0  0  0  0  0  0  0  0  0  0  0  0  0  0  0  0  0  0 
 0  0  0  0  0  0  0  0  0  0  0  0  0  0  0  0  0  0  0  0  0 
 0  0  0  0  0  0  0  0  0  0  0  0  0  0  0  0  0  0  0  0  0 
 0  0  0  0  0  0  0  0  0  0  0  0  0  0  0  0  0  0  0  0  0 
 0  0  0  0  0  0  0  0  0  0  0  0  0  0  0  0  0  0  0  0  0 
 0  0  0  0  0  0  0  0  0  0  0  0  0  0  0  0  0  0  0  0  0 
 0  0  0  0  0  0  0  0  0  0  0  0  0  0  0  0  0  0  0  0  0 
 0  0  0  0  0  0  0  0  0  0  0  0  0  0  0  0  0  0  0  0  0 
 0  0  0  0  0  0  0  0  0  0  0  0  0  0  0  0  0  0  0  0  0 

 0  0  0  0  0  0  0  0  0  0  0  0  0  0  0  0  0  0  0  0  0 
 0  0  0  0  0  0  0  0  0  0  0  0  0  0  0  0  0  0  0  0  0 
 0  0  0  0  0  0  0  0  0  0  0  0  0  0  0  0  0  0  0  0  0 
 0  0  0  0  0  0  0  0  0  0  0  0  0  0  0  0  0  0  0  0  0 
 0  0  0  0  0  0  0  0  0  0  0  0  0  0  0  0  0  0  0  0  0 
 0  0  0  0  0  0  0  0  0  0  0  0  0  0  0  0  0  0  0  0  0 
 0  0  0  0  0  0  0  0  0  0  0  0  0  0  0  0  0  0  0  0  0 
 0  0  0  0  0  0  0  0  0  0  0  0  0  0  0  0  0  0  0  0  0 
 0  0  0  0  0  0  0  0  0  0  0  0  0  0  0  0  0  0  0  0  0 
 0  0  0  0  0  0  0  0  0  0  0  0  0  0  0  0  0  0  0  0  0 

<Objects>
3D Studio Scenes\canyonEmpty.max
1
$rock1
#
2
$rock2
#
3
$rock3
#
4
$rock4
#
5
$flatrock
$middle
#
6
$rock6
#
7
$rock7
#
8
$rock8
#
9
$rock9
#
10
$underground
#
11
$corner1
$cornerflat1
#
12
$corner3
$cornerflat3
#
13
$corner7
$cornerflat7
#
14
$corner9
$cornerflat9
#
15
$underground
#
16
$middle
$flatrock2
#
17
$middle
$flatrock
#
18
$middle
$flatrock2
#
19
$middle
$flatrock2
#
20
$middle
$flatrock
#
21
$middle
$flatrock2
#
22
$middle
$flatrock
#
23
$middle
$flatrock
#
24
$middle
$flatrock2
#
25
$middle
$flatrock2
#
26
$middle
$flatrock
#
27
$middle
$flatrock
#
28
$middle
$flatrock2
#
29
$1middle
#
30
$7middle
#
31
$9middle
#
32
$3middle
#
33
$24middle
#
34
$48middle
#
35
$68middle
#
36
$26middle
#
37
$4middle
#
38
$2middle
#
39
$8middle
#
40
$6middle
#
41
$1middle
#
42
$7middle
#
43
$9middle
#
44
$3middle
#
45
$24middle
#
46
$48middle
#
47
$68middle
#
48
$26middle
#
49
$4middle
#
50
$2middle
#
51
$8middle
#
52
$6middle
#

