Example model created by Paul Merrell.  Do not insert or delete lines from this file.

x, y, and z extents
16 16 8             

5 5 5 5 5 5 5 5 5 5 5 5 5 5 5 5
5 5 5 5 5 5 5 5 5 5 5 5 5 5 5 5
5 5 5 5 5 5 5 5 5 5 5 5 5 5 5 5
5 5 5 5 5 5 5 5 5 5 5 5 5 5 5 5
5 5 5 5 5 5 5 5 5 5 5 5 5 5 5 5
5 5 5 5 5 5 5 5 5 5 5 5 5 5 5 5
5 5 5 5 5 5 5 5 5 5 5 5 5 5 5 5
5 5 5 5 5 5 5 5 5 5 5 5 5 5 5 5
5 5 5 5 5 5 5 5 5 5 5 5 5 5 5 5
5 5 5 5 5 5 5 5 5 5 5 5 5 5 5 5
5 5 5 5 5 5 5 5 5 5 5 5 5 5 5 5
5 5 5 5 5 5 5 5 5 5 5 5 5 5 5 5
5 5 5 5 5 5 5 5 5 5 5 5 5 5 5 5
5 5 5 5 5 5 5 5 5 5 5 5 5 5 5 5
5 5 5 5 5 5 5 5 5 5 5 5 5 5 5 5
5 5 5 5 5 5 5 5 5 5 5 5 5 5 5 5

21 21 21 21 21 21 21 21 21 21 21 21 21 21 21 21
21 21 21 21 21 21 21 21 21 21 21 21 21 21 21 21
21 21 21 21 21 21 21 21 21 21 21 21 21 21 21 21
21 21 21 21 21 21 21 21 21 21 21 21 21 21 21 21
21 21 21 21 21 21 21 21 21 21 21 21 21 21 21 21
21 21 21 21 21 21 21 21 21 21 21 21 21 21 21 21
21 21 21 21 21 21 21 21 21 21 21 21 21 21 21 21
21 21 21 21 21 21 21 21 21 21 21 21 21 21 21 21
21 21 21 21 21 21 21 21 21 21 21 21 21 21 21 21
21 21 21 21 21 21 21 21 21 21 21 21 21 21 21 21
21 21 21 21 21 21 21 21 21 21 21 21 21 21 21 21
21 21 21 21 21 21 21 21 21 21 21 21 21 21 21 21
21 21 21 21 21 21 21 21 21 21 21 21 21 21 21 21
21 21 21 21 21 21 21 21 21 21 21 21 21 21 21 21
21 21 21 21 21 21 21 21 21 21 21 21 21 21 21 21
21 21 21 21 21 21 21 21 21 21 21 21 21 21 21 21

20 20 20 0 0 0 0 0 0 0 0 0 0 20 20 20
0 20 0 0 0 0 0 0 0 0 0 0 0 20 20 20
0 0 0 0 0 0 0 0 0 0 0 0 0 0 20 0
0 0 0 0 17 18 18 28 18 18 18 19 0 0 0 20
0 0 0 0 14 0 0 0 0 0 0 16 0 0 0 0
0 0 17 18 37 0 40 41 41 42 0 36 18 19 0 0
0 0 14 0 0 0 43 44 44 45 0 0 0 16 0 0
0 0 29 0 0 0 43 44 44 45 0 0 0 16 0 0
0 0 14 0 0 0 43 44 44 45 0 0 0 31 0 0
0 0 14 0 0 0 43 44 44 45 0 0 0 16 0 0
20 0 11 12 38 0 46 47 47 48 0 39 12 13 0 0
20 20 0 0 14 0 0 0 0 0 0 16 0 0 0 0
20 20 0 0 11 12 12 12 30 12 12 13 0 0 0 0
0 0 0 0 0 0 0 0 0 0 0 0 0 0 0 0
0 0 0 20 0 0 0 0 0 0 0 0 0 0 0 0
0 0 0 0 0 0 0 0 0 0 0 0 0 0 20 20

0 0 0 0 0 0 0 0 0 0 0 0 0 0 0 0
0 0 0 0 0 0 0 0 0 0 0 0 0 0 0 0
0 0 0 0 0 0 0 0 0 0 0 0 0 0 0 0
0 0 0 0 17 18 18 18 18 18 18 19 0 0 0 0
0 0 0 0 14 0 0 0 0 0 0 16 0 0 0 0
0 0 17 18 37 0 40 41 41 42 0 36 18 19 0 0
0 0 14 0 0 0 43 44 44 45 0 0 0 16 0 0
0 0 14 0 0 0 43 44 44 45 0 0 0 16 0 0
0 0 14 0 0 0 43 44 44 45 0 0 0 16 0 0
0 0 14 0 0 0 43 44 44 45 0 0 0 16 0 0
0 0 11 12 38 0 46 47 47 48 0 39 12 13 0 0
0 0 0 0 14 0 0 0 0 0 0 16 0 0 0 0
0 0 0 0 11 12 12 12 12 12 12 13 0 0 0 0
0 0 0 0 0 0 0 0 0 0 0 0 0 0 0 0
0 0 0 0 0 0 0 0 0 0 0 0 0 0 0 0
0 0 0 0 0 0 0 0 0 0 0 0 0 0 0 0

0 0 0 0 0 0 0 0 0 0 0 0 0 0 0 0
0 0 0 0 0 0 0 0 0 0 0 0 0 0 0 0
0 0 0 0 0 0 0 0 0 0 0 0 0 0 0 0
0 0 0 0 7 8 8 8 8 8 8 9 0 0 0 0
0 0 0 0 4 0 0 0 0 0 0 6 0 0 0 0
0 0 7 8 33 0 50 51 51 52 0 32 8 9 0 0
0 0 4 0 0 0 43 44 44 45 0 0 0 6 0 0
0 0 4 0 0 0 43 44 44 45 0 0 0 6 0 0
0 0 4 0 0 0 43 44 44 45 0 0 0 6 0 0
0 0 4 0 0 0 43 44 44 45 0 0 0 6 0 0
0 0 1 2 34 0 56 57 57 58 0 35 2 3 0 0
0 0 0 0 4 0 0 0 0 0 0 6 0 0 0 0
0 0 0 0 1 2 2 2 2 2 2 3 0 0 0 0
0 0 0 0 0 0 0 0 0 0 0 0 0 0 0 0
0 0 0 0 0 0 0 0 0 0 0 0 0 0 0 0
0 0 0 0 0 0 0 0 0 0 0 0 0 0 0 0

0 0 0 0 0 0 0 0 0 0 0 0 0 0 0 0
0 0 0 0 0 0 0 0 0 0 0 0 0 0 0 0
0 0 0 0 0 0 0 0 0 0 0 0 0 0 0 0
0 0 0 0 0 0 0 0 0 0 0 0 0 0 0 0
0 0 0 0 0 0 0 0 0 0 0 0 0 0 0 0
0 0 0 0 0 0 0 0 0 0 0 0 0 0 0 0
0 0 0 0 0 0 53 54 54 55 0 0 0 0 0 0
0 0 0 0 0 0 43 44 44 45 0 0 0 0 0 0
0 0 0 0 0 0 43 44 44 45 0 0 0 0 0 0
0 0 0 0 0 0 59 60 60 61 0 0 0 0 0 0
0 0 0 0 0 0 0 0 0 0 0 0 0 0 0 0
0 0 0 0 0 0 0 0 0 0 0 0 0 0 0 0
0 0 0 0 0 0 0 0 0 0 0 0 0 0 0 0
0 0 0 0 0 0 0 0 0 0 0 0 0 0 0 0
0 0 0 0 0 0 0 0 0 0 0 0 0 0 0 0
0 0 0 0 0 0 0 0 0 0 0 0 0 0 0 0

0 0 0 0 0 0 0 0 0 0 0 0 0 0 0 0
0 0 0 0 0 0 0 0 0 0 0 0 0 0 0 0
0 0 0 0 0 0 0 0 0 0 0 0 0 0 0 0
0 0 0 0 0 0 0 0 0 0 0 0 0 0 0 0
0 0 0 0 0 0 0 0 0 0 0 0 0 0 0 0
0 0 0 0 0 0 0 0 0 0 0 0 0 0 0 0
0 0 0 0 0 0 0 0 0 0 0 0 0 0 0 0
0 0 0 0 0 0 53 54 54 55 0 0 0 0 0 0
0 0 0 0 0 0 59 60 60 61 0 0 0 0 0 0
0 0 0 0 0 0 0 0 0 0 0 0 0 0 0 0
0 0 0 0 0 0 0 0 0 0 0 0 0 0 0 0
0 0 0 0 0 0 0 0 0 0 0 0 0 0 0 0
0 0 0 0 0 0 0 0 0 0 0 0 0 0 0 0
0 0 0 0 0 0 0 0 0 0 0 0 0 0 0 0
0 0 0 0 0 0 0 0 0 0 0 0 0 0 0 0
0 0 0 0 0 0 0 0 0 0 0 0 0 0 0 0

0 0 0 0 0 0 0 0 0 0 0 0 0 0 0 0
0 0 0 0 0 0 0 0 0 0 0 0 0 0 0 0
0 0 0 0 0 0 0 0 0 0 0 0 0 0 0 0
0 0 0 0 0 0 0 0 0 0 0 0 0 0 0 0
0 0 0 0 0 0 0 0 0 0 0 0 0 0 0 0
0 0 0 0 0 0 0 0 0 0 0 0 0 0 0 0
0 0 0 0 0 0 0 0 0 0 0 0 0 0 0 0
0 0 0 0 0 0 0 0 0 0 0 0 0 0 0 0
0 0 0 0 0 0 0 0 0 0 0 0 0 0 0 0
0 0 0 0 0 0 0 0 0 0 0 0 0 0 0 0
0 0 0 0 0 0 0 0 0 0 0 0 0 0 0 0
0 0 0 0 0 0 0 0 0 0 0 0 0 0 0 0
0 0 0 0 0 0 0 0 0 0 0 0 0 0 0 0
0 0 0 0 0 0 0 0 0 0 0 0 0 0 0 0
0 0 0 0 0 0 0 0 0 0 0 0 0 0 0 0
0 0 0 0 0 0 0 0 0 0 0 0 0 0 0 0

<Objects>
3D Studio Scenes\castle.max
somethin'
$castle9
$snow9
#
somethin'
$castle4
$snow4
#
somethin'
$castle1
$snow1
#
somethin'
$castle8
$snow8
#
somethin'
$underground
#
somethin'
$castle2
$snow2
#
somethin'
$castle7
$snow7
#
somethin'
$castle6
$snow6
#
somethin'
$castle3
$snow3
#
somethin'10
$underground
#
somethin'1
$round
#
somethin'2
$wall
#
somethin'3
$round
#
somethin'4
$2wall
#
somethin'5
$round
#
somethin'6
$4wall
#
somethin'7
$round
#
somethin'8
$3wall
#
somethin'9
$round
#
tree20
$tree
#
ground
$ground
#
22
$ground1
#
23
$ground2
#
24
$ground3
#
25
$ground6
#
26
$ground7
#
27
$ground9
#
28
$gateA
$3gateB
#
29
$gateA01
$2gateB
#
30
$gateA
$1gateB
#
31
$gateA01
$4gateB
#
32
$quarter
$quarters
#
33
$quarter01
$quarters01
#
34
$quarter02
$quarters02
#
35
$quarter03
$quarters03
#
36
$round
#
37
$round
#
38
$round
#
39
$round
#
40
$1round
$block
#
41
$block
#
42
$7round
$block
#
43
$block
#
44
#
45
$block
#
46
$3round
$block
#
47
$block
#
48
$9round
$block
#
49
$Box
#
50
$1tower
$1towers
$frontd
$fronte
$frontf
$frontt
$1side
$1sides
$rooft
#
51
$1side
$1sides
$rooft
#
52
$7tower
$7towers
$backd
$backe
$backf
$backt
$1side
$1sides
$rooft
#
53
$frontd
$fronte
$frontf
$frontt
#
54
$rooft
#
55
$backd
$backe
$backf
$backt
#
56
$3tower
$3towers
$fronta
$frontb
$frontc
$fronts
$side
$sides
$roofs
#
57
$side
$sides
$roofs
#
58
$9tower
$9towers
$backa
$backb
$backc
$backs
$side
$sides
$roofs
#
59
$fronta
$frontb
$frontc
$fronts
#
60
$roofs
#
61
$backa
$backb
$backc
$backs
#