Example model created by Paul Merrell.  Do not insert or delete lines from this file.

x, y, and z extents
17 18 7               

10 10 10 10 10 10 10 10 10 10 10 10 10 10 10 10 10 10
10 10 10 10 10 10 10 10 10 10 10 10 10 10 10 10 10 10
10 10 10 10 10 10 10 10 10 10 10 10 10 10 10 10 10 10
10 10 10 10 10 10 10 10 10 10 10 10 10 10 10 10 10 10
10 10 10 10 10 10 10 10 10 10 10 10 10 10 10 10 10 10
10 10 10 10 10 10 10 10 10 10 10 10 10 10 10 10 10 10
10 10 10 10 10 10 10 10 10 10 10 10 10 10 10 10 10 10
10 10 10 10 10 10 10 10 10 10 10 10 10 10 10 10 10 10
10 10 10 10 10 10 10 10 10 10 10 10 10 10 10 10 10 10
10 10 10 10 10 10 10 10 10 10 10 10 10 10 10 10 10 10
10 10 10 10 10 10 10 10 10 10 10 10 10 10 10 10 10 10
10 10 10 10 10 10 10 10 10 10 10 10 10 10 10 10 10 10
10 10 10 10 10 10 10 10 10 10 10 10 10 10 10 10 10 10
10 10 10 10 10 10 10 10 10 10 10 10 10 10 10 10 10 10
10 10 10 10 10 10 10 10 10 10 10 10 10 10 10 10 10 10
10 10 10 10 10 10 10 10 10 10 10 10 10 10 10 10 10 10
10 10 10 10 10 10 10 10 10 10 10 10 10 10 10 10 10 10

5 5 5 5 5 5 5 5 5 5 5 5 5 5 5 5 5 5
5 5 5 5 5 5 5 5 5 5 5 5 5 5 5 5 5 5
5 5 5 5 5 5 5 5 5 5 5 33 32 32 31 5 5 5
5 5 5 5 5 5 5 5 5 5 5 36 30 30 34 5 5 5
5 5 5 20 20 20 20 5 5 33 32 43 30 30 41 32 31 5
5 5 20 20 20 20 20 20 5 36 30 30 30 30 30 30 34 5
5 5 20 20 20 20 20 20 5 36 30 30 30 30 30 30 34 5
5 5 20 20 20 20 20 20 5 39 38 42 30 30 40 38 37 5
5 5 20 20 20 20 20 20 5 5 5 36 30 30 34 5 5 5
5 5 5 20 20 20 20 5 5 5 5 39 38 38 37 5 5 5
5 5 5 5 5 5 5 5 5 5 5 5 5 5 5 5 5 5
5 5 5 5 5 5 5 5 5 20 20 20 20 20 5 5 5 5
5 5 5 5 5 5 5 5 5 20 20 20 20 20 5 5 5 5
5 5 5 5 5 5 5 5 5 20 20 5 20 20 5 5 5 5
5 5 5 5 5 5 5 5 5 20 20 20 20 20 5 5 5 5
5 5 5 5 5 5 5 5 5 20 20 20 20 20 5 5 5 5
5 5 5 5 5 5 5 5 5 5 5 5 5 5 5 5 5 5

0 0 0 0 0 0 0 0 0 0 0 0 0 0 0 0 0 0
0 0 0 0 0 0 0 0 0 0 0 0 0 0 0 0 0 0
0 0 0 0 0 0 0 0 0 0 0 0 0 0 0 0 0 0
0 0 0 1 4 4 7 0 0 0 0 0 0 0 0 0 0 0
0 0 1 21 20 20 23 7 0 0 0 0 0 0 0 0 0 0
0 1 21 20 20 20 20 23 7 0 0 0 0 0 0 0 0 0
0 2 20 20 20 20 20 20 8 0 0 0 0 0 0 0 0 0
0 2 20 20 20 20 20 20 8 0 0 0 0 0 0 0 0 0
0 3 22 20 20 20 20 24 9 0 0 0 0 0 0 0 0 0
0 0 3 22 20 20 24 9 0 0 0 0 0 0 0 0 0 0
0 0 0 3 6 6 9 0 1 4 4 4 4 4 7 0 0 0
0 0 0 0 0 0 0 0 2 5 5 5 5 5 8 0 0 0
0 0 0 0 0 0 0 0 2 5 28 6 26 5 8 0 0 0
0 0 0 0 0 0 0 0 2 5 8 0 2 5 8 0 0 0
0 0 0 0 0 0 0 0 2 5 27 4 25 5 8 0 0 0
0 0 0 0 0 0 0 0 2 5 5 5 5 5 8 0 0 0
0 0 0 0 0 0 0 0 3 6 6 6 6 6 9 0 0 0

0 0 0 0 0 0 0 0 0 0 0 0 0 0 0 0 0 0
0 0 0 0 0 0 0 0 0 0 0 0 0 0 0 0 0 0
0 0 0 0 0 0 0 0 0 0 0 0 0 0 0 0 0 0
0 0 0 0 0 0 0 0 0 0 0 0 0 0 0 0 0 0
0 0 0 11 14 14 17 0 0 0 0 0 0 0 0 0 0 0
0 0 11 20 20 20 20 17 0 0 0 0 0 0 0 0 0 0
0 0 12 20 20 20 20 18 0 0 0 0 0 0 0 0 0 0
0 0 12 20 20 20 20 18 0 0 0 0 0 0 0 0 0 0
0 0 13 20 20 20 20 19 0 0 0 0 0 0 0 0 0 0
0 0 0 13 16 16 19 0 0 0 0 0 0 0 0 0 0 0
0 0 0 0 0 0 0 0 0 0 0 0 0 0 0 0 0 0
0 0 0 0 0 0 0 0 0 0 0 0 0 0 0 0 0 0
0 0 0 0 0 0 0 0 0 0 0 0 0 0 0 0 0 0
0 0 0 0 0 0 0 0 0 0 0 0 0 0 0 0 0 0
0 0 0 0 0 0 0 0 0 0 0 0 0 0 0 0 0 0
0 0 0 0 0 0 0 0 0 0 0 0 0 0 0 0 0 0
0 0 0 0 0 0 0 0 0 0 0 0 0 0 0 0 0 0

0 0 0 0 0 0 0 0 0 0 0 0 0 0 0 0 0 0
0 0 0 0 0 0 0 0 0 0 0 0 0 0 0 0 0 0
0 0 0 0 0 0 0 0 0 0 0 0 0 0 0 0 0 0
0 0 0 0 0 0 0 0 0 0 0 0 0 0 0 0 0 0
0 0 0 11 14 14 17 0 0 0 0 0 0 0 0 0 0 0
0 0 11 20 20 20 20 17 0 0 0 0 0 0 0 0 0 0
0 0 12 20 20 20 20 18 0 0 0 0 0 0 0 0 0 0
0 0 12 20 20 20 20 18 0 0 0 0 0 0 0 0 0 0
0 0 13 20 20 20 20 19 0 0 0 0 0 0 0 0 0 0
0 0 0 13 16 16 19 0 0 0 0 0 0 0 0 0 0 0
0 0 0 0 0 0 0 0 0 0 0 0 0 0 0 0 0 0
0 0 0 0 0 0 0 0 0 0 0 0 0 0 0 0 0 0
0 0 0 0 0 0 0 0 0 0 0 0 0 0 0 0 0 0
0 0 0 0 0 0 0 0 0 0 0 0 0 0 0 0 0 0
0 0 0 0 0 0 0 0 0 0 0 0 0 0 0 0 0 0
0 0 0 0 0 0 0 0 0 0 0 0 0 0 0 0 0 0
0 0 0 0 0 0 0 0 0 0 0 0 0 0 0 0 0 0

0 0 0 0 0 0 0 0 0 0 0 0 0 0 0 0 0 0
0 0 0 0 0 0 0 0 0 0 0 0 0 0 0 0 0 0
0 0 0 0 0 0 0 0 0 0 0 0 0 0 0 0 0 0
0 0 0 0 0 0 0 0 0 0 0 0 0 0 0 0 0 0
0 0 0 1 4 4 7 0 0 0 0 0 0 0 0 0 0 0
0 0 1 21 20 20 23 7 0 0 0 0 0 0 0 0 0 0
0 0 2 20 20 20 20 8 0 0 0 0 0 0 0 0 0 0
0 0 2 20 20 20 20 8 0 0 0 0 0 0 0 0 0 0
0 0 3 22 20 20 24 9 0 0 0 0 0 0 0 0 0 0
0 0 0 3 6 6 9 0 0 0 0 0 0 0 0 0 0 0
0 0 0 0 0 0 0 0 0 0 0 0 0 0 0 0 0 0
0 0 0 0 0 0 0 0 0 0 0 0 0 0 0 0 0 0
0 0 0 0 0 0 0 0 0 0 0 0 0 0 0 0 0 0
0 0 0 0 0 0 0 0 0 0 0 0 0 0 0 0 0 0
0 0 0 0 0 0 0 0 0 0 0 0 0 0 0 0 0 0
0 0 0 0 0 0 0 0 0 0 0 0 0 0 0 0 0 0
0 0 0 0 0 0 0 0 0 0 0 0 0 0 0 0 0 0

0 0 0 0 0 0 0 0 0 0 0 0 0 0 0 0 0 0
0 0 0 0 0 0 0 0 0 0 0 0 0 0 0 0 0 0
0 0 0 0 0 0 0 0 0 0 0 0 0 0 0 0 0 0
0 0 0 0 0 0 0 0 0 0 0 0 0 0 0 0 0 0
0 0 0 0 0 0 0 0 0 0 0 0 0 0 0 0 0 0
0 0 0 1 4 4 7 0 0 0 0 0 0 0 0 0 0 0
0 0 0 2 5 5 8 0 0 0 0 0 0 0 0 0 0 0
0 0 0 2 5 5 8 0 0 0 0 0 0 0 0 0 0 0
0 0 0 3 6 6 9 0 0 0 0 0 0 0 0 0 0 0
0 0 0 0 0 0 0 0 0 0 0 0 0 0 0 0 0 0
0 0 0 0 0 0 0 0 0 0 0 0 0 0 0 0 0 0
0 0 0 0 0 0 0 0 0 0 0 0 0 0 0 0 0 0
0 0 0 0 0 0 0 0 0 0 0 0 0 0 0 0 0 0
0 0 0 0 0 0 0 0 0 0 0 0 0 0 0 0 0 0
0 0 0 0 0 0 0 0 0 0 0 0 0 0 0 0 0 0
0 0 0 0 0 0 0 0 0 0 0 0 0 0 0 0 0 0
0 0 0 0 0 0 0 0 0 0 0 0 0 0 0 0 0 0

<Objects>
3D Studio Scenes\mountain.max
1
$ground1
$tree1
#
2
$ground2
$tree2
#
3
$ground3
$tree3
#
4
$ground4
$tree4
#
5
$flat
$tree
#
6
$ground6
$tree6
#
7
$ground7
$tree7
#
8
$ground8
$tree8
#
9
$ground9
$tree9
#
10
$underground
#
11
$cliff1
#
12
$cliff2
#
13
$cliff3
#
14
$cliff4
#
15
$cliff5
#
16
$cliff6
#
17
$cliff7
#
18
$cliff8
#
19
$cliff9
#
20
$underground
#
21
$diagonal1
$tree11
#
22
$diagonal3
$tree13
#
23
$diagonal7
$tree17
#
24
$diagonal9
$tree19
#
25
$diagonal1
$triangle1
$tree11
#
26
$diagonal3
$triangle3
$tree13
#
27
$diagonal7
$triangle7
$tree17
#
28
$diagonal9
$triangle9
$tree19
#
29
$flat
#
30
$water
#
31
$shore1
$trees1
$water
#
32
$shore2
$trees2
$water
#
33
$shore3
$trees3
$water
#
34
$shore4
$trees4
$water
#
35
$shore5
$trees5
$water
#
36
$shore6
$trees6
$water
#
37
$shore7
$trees7
$water
#
38
$shore8
$trees8
$water
#
39
$shore9
$trees9
$water
#
40
$s1
$water
#
41
$s3
$water
#
42
$s7
$water
#
43
$s9
$water
#