Example model created by Paul Merrell. Do not insert or delete lines from this file.

x, y, and z extents
20 40 8

11 11 11 11 11 11 11 11 11 11 11 11 11 11 11 11 11 11 11 11 11 11 11 11 11 11 11 11 11 11 11 11 11 11 11 11 11 11 11 11
11 11 11 11 11 11 11 11 11 11 11 11 11 11 11 11 11 11 11 11 11 11 11 11 11 11 11 11 11 11 11 11 11 11 11 11 11 11 11 11
11 11 11 11 11 11 11 11 11 11 11 11 11 11 11 11 11 11 11 11 11 11 11 11 11 11 11 11 11 11 11 11 11 11 11 11 11 11 11 11
11 11 11 11 11 11 11 11 11 11 11 11 11 11 11 11 11 11 11 11 11 11 11 11 11 11 11 11 11 11 11 11 11 11 11 11 11 11 11 11
11 11 11 11 11 11 11 11 11 11 11 11 11 11 11 11 11 11 11 11 11 11 11 11 11 11 11 11 11 11 11 11 11 11 11 11 11 11 11 11
11 11 11 11 11 11 11 11 11 11 11 11 11 11 11 11 11 11 11 11 11 11 11 11 11 11 11 11 11 11 11 11 11 11 11 11 11 11 11 11
11 11 11 11 11 11 11 11 11 11 11 11 11 11 11 11 11 11 11 11 11 11 11 11 11 11 11 11 11 11 11 11 11 11 11 11 11 11 11 11
11 11 11 11 11 11 11 11 11 11 11 11 11 11 11 11 11 11 11 11 11 11 11 11 11 11 11 11 11 11 11 11 11 11 11 11 11 11 11 11
11 11 11 11 11 11 11 11 11 11 11 11 11 11 11 11 11 11 11 11 11 11 11 11 11 11 11 11 11 11 11 11 11 11 11 11 11 11 11 11
11 11 11 11 11 11 11 11 11 11 11 11 11 11 11 11 11 11 11 11 11 11 11 11 11 11 11 11 11 11 11 11 11 11 11 11 11 11 11 11
11 11 11 11 11 11 11 11 11 11 11 11 11 11 11 11 11 11 11 11 11 11 11 11 11 11 11 11 11 11 11 11 11 11 11 11 11 11 11 11
11 11 11 11 11 11 11 11 11 11 11 11 11 11 11 11 11 11 11 11 11 11 11 11 11 11 11 11 11 11 11 11 11 11 11 11 11 11 11 11
11 11 11 11 11 11 11 11 11 11 11 11 11 11 11 11 11 11 11 11 11 11 11 11 11 11 11 11 11 11 11 11 11 11 11 11 11 11 11 11
11 11 11 11 11 11 11 11 11 11 11 11 11 11 11 11 11 11 11 11 11 11 11 11 11 11 11 11 11 11 11 11 11 11 11 11 11 11 11 11
11 11 11 11 11 11 11 11 11 11 11 11 11 11 11 11 11 11 11 11 11 11 11 11 11 11 11 11 11 11 11 11 11 11 11 11 11 11 11 11
11 11 11 11 11 11 11 11 11 11 11 11 11 11 11 11 11 11 11 11 11 11 11 11 11 11 11 11 11 11 11 11 11 11 11 11 11 11 11 11
11 11 11 11 11 11 11 11 11 11 11 11 11 11 11 11 11 11 11 11 11 11 11 11 11 11 11 11 11 11 11 11 11 11 11 11 11 11 11 11
11 11 11 11 11 11 11 11 11 11 11 11 11 11 11 11 11 11 11 11 11 11 11 11 11 11 11 11 11 11 11 11 11 11 11 11 11 11 11 11
11 11 11 11 11 11 11 11 11 11 11 11 11 11 11 11 11 11 11 11 11 11 11 11 11 11 11 11 11 11 11 11 11 11 11 11 11 11 11 11
11 11 11 11 11 11 11 11 11 11 11 11 11 11 11 11 11 11 11 11 11 11 11 11 11 11 11 11 11 11 11 11 11 11 11 11 11 11 11 11

0  0  0  0  0  0  0  0  0  0  0  0  0  0  0  0  0  0  0  0  0  0  0  0  0  0  0  0  0  0  0  0  0  0  0  0  0  0  0  0
0  0  0  0  0  0  0  84 85 74 75 86 87 0  0  0  0  0  0  0  0  0  0  0  0  0  0  0  0  0  0  0  0  0  0  0  0  0  0  0
0  0  0  0  0  0  0  83 8  82 82 68 88 0  0  0  0  0  0  0  0  0  0  0  0  0  0  0  0  0  0  0  0  0  0  0  0  0  0  0
0  0  0  0  0  0  0  15 82 82 82 82 55 0  0  0  0  0  0  0  0  0  0  0  0  0  0  0  0  0  0  0  0  0  0  0  0  0  0  0
0  0  0  0  0  0  0  14 82 82 82 82 54 0  0  0  0  0  0  0  0  0  0  0  0  0  0  0  0  0  0  0  0  0  0  0  0  0  0  0
0  0  0  84 85 74 75 16 82 82 82 82 76 74 75 86 87 0  84 85 74 75 74 75 74 75 86 87 0  0  0  0  0  0  0  0  0  0  0  0
0  0  0  83 8  82 82 82 82 82 82 82 82 82 82 68 88 0  83 8  82 82 82 82 82 82 68 88 0  0  0  0  0  0  0  0  0  0  0  0
0  0  0  15 82 82 82 82 82 82 82 82 82 82 82 82 55 0  15 82 82 82 82 82 82 82 82 55 0  0  0  0  0  0  0  0  0  0  0  0
0  0  0  14 82 82 82 82 82 82 82 82 82 82 82 82 54 0  14 82 82 56 24 23 36 82 82 54 0  0  0  0  0  0  0  0  0  0  0  0
0  0  0  94 28 82 82 82 82 82 82 82 82 82 82 48 89 0  15 82 82 43 0  0  15 82 82 55 0  0  0  0  0  0  0  0  0  0  0  0
0  0  0  93 92 34 35 36 82 82 82 82 56 34 35 91 90 0  14 82 82 44 0  0  14 82 82 54 0  0  0  0  0  0  0  0  0  0  0  0
0  0  0  0  0  0  0  15 82 82 82 82 55 0  0  0  0  0  15 82 82 76 64 63 16 82 82 55 0  0  0  0  0  0  0  0  0  0  0  0
0  0  0  0  0  0  0  14 82 82 82 82 54 0  0  0  0  0  14 82 82 82 82 82 82 82 82 54 0  0  0  0  0  0  0  0  0  0  0  0
0  0  0  0  0  0  0  94 28 82 82 48 89 0  0  0  0  0  94 28 82 82 82 82 82 82 48 89 0  0  0  0  0  0  0  0  0  0  0  0
0  0  0  0  0  0  0  93 92 34 35 91 90 0  0  0  0  0  93 92 34 35 34 35 34 35 91 90 0  0  0  0  0  0  0  0  0  0  0  0
0  0  0  0  0  0  0  0  0  0  0  0  0  0  0  0  0  0  0  0  0  0  0  0  0  0  0  0  0  0  0  0  0  0  0  0  0  0  0  0
0  0  0  0  0  0  0  0  0  0  0  0  0  0  0  0  0  0  0  0  0  0  0  0  0  0  0  0  0  0  0  0  0  0  0  0  0  0  0  0
0  0  0  0  0  0  0  0  0  0  0  0  0  0  0  0  0  0  0  0  0  0  0  0  0  0  0  0  0  0  0  0  0  0  0  0  0  0  0  0
0  0  0  0  0  0  0  0  0  0  0  0  0  0  0  0  0  0  0  0  0  0  0  0  0  0  0  0  0  0  0  0  0  0  0  0  0  0  0  0
0  0  0  0  0  0  0  0  0  0  0  0  0  0  0  0  0  0  0  0  0  0  0  0  0  0  0  0  0  0  0  0  0  0  0  0  0  0  0  0

0  0  0  0  0  0  0  0  0  0  0  0  0  0  0  0  0  0  0  0  0  0  0  0  0  0  0  0  0  0  0  0  0  0  0  0  0  0  0  0
0  0  0  0  0  0  0  0  0  64 63 0  0  0  0  0  0  0  0  0  0  0  0  0  0  0  0  0  0  0  0  0  0  0  0  0  0  0  0  0
0  0  0  0  0  0  0  0  9  81 81 69 0  0  0  0  0  0  0  0  0  0  0  0  0  0  0  0  0  0  0  0  0  0  0  0  0  0  0  0
0  0  0  0  0  0  0  3  81 81 81 81 43 0  0  0  0  0  0  0  0  0  0  0  0  0  0  0  0  0  0  0  0  0  0  0  0  0  0  0
0  0  0  0  0  0  0  4  81 81 81 81 44 0  0  0  0  0  0  0  0  0  0  0  0  0  0  0  0  0  0  0  0  0  0  0  0  0  0  0
0  0  0  0  0  64 63 20 81 81 81 81 80 64 63 0  0  0  0  0  64 63 64 63 64 63 0  0  0  0  0  0  0  0  0  0  0  0  0  0
0  0  0  0  9  81 81 81 81 81 81 81 81 81 81 69 0  0  0  9  81 81 81 81 81 81 69 0  0  0  0  0  0  0  0  0  0  0  0  0
0  0  0  3  81 81 81 81 81 81 81 81 81 81 81 81 43 0  3  81 81 81 81 81 81 81 81 43 0  0  0  0  0  0  0  0  0  0  0  0
0  0  0  4  81 81 81 81 81 81 81 81 81 81 81 81 44 0  4  81 81 60 24 23 40 81 81 44 0  0  0  0  0  0  0  0  0  0  0  0
0  0  0  0  29 81 81 81 81 81 81 81 81 81 81 49 0  0  3  81 81 43 0  0  3  81 81 43 0  0  0  0  0  0  0  0  0  0  0  0
0  0  0  0  0  24 23 40 81 81 81 81 60 24 23 0  0  0  4  81 81 44 0  0  4  81 81 44 0  0  0  0  0  0  0  0  0  0  0  0
0  0  0  0  0  0  0  3  81 81 81 81 43 0  0  0  0  0  3  81 81 80 64 63 20 81 81 43 0  0  0  0  0  0  0  0  0  0  0  0
0  0  0  0  0  0  0  4  81 81 81 81 44 0  0  0  0  0  4  81 81 81 81 81 81 81 81 44 0  0  0  0  0  0  0  0  0  0  0  0
0  0  0  0  0  0  0  0  29 81 81 49 0  0  0  0  0  0  0  29 81 81 81 81 81 81 49 0  0  0  0  0  0  0  0  0  0  0  0  0
0  0  0  0  0  0  0  0  0  24 23 0  0  0  0  0  0  0  0  0  24 23 24 23 24 23 0  0  0  0  0  0  0  0  0  0  0  0  0  0
0  0  0  0  0  0  0  0  0  0  0  0  0  0  0  0  0  0  0  0  0  0  0  0  0  0  0  0  0  0  0  0  0  0  0  0  0  0  0  0
0  0  0  0  0  0  0  0  0  0  0  0  0  0  0  0  0  0  0  0  0  0  0  0  0  0  0  0  0  0  0  0  0  0  0  0  0  0  0  0
0  0  0  0  0  0  0  0  0  0  0  0  0  0  0  0  0  0  0  0  0  0  0  0  0  0  0  0  0  0  0  0  0  0  0  0  0  0  0  0
0  0  0  0  0  0  0  0  0  0  0  0  0  0  0  0  0  0  0  0  0  0  0  0  0  0  0  0  0  0  0  0  0  0  0  0  0  0  0  0
0  0  0  0  0  0  0  0  0  0  0  0  0  0  0  0  0  0  0  0  0  0  0  0  0  0  0  0  0  0  0  0  0  0  0  0  0  0  0  0

0  0  0  0  0  0  0  0  0  0  0  0  0  0  0  0  0  0  0  0  0  0  0  0  0  0  0  0  0  0  0  0  0  0  0  0  0  0  0  0
0  0  0  0  0  0  0  0  0  62 61 0  0  0  0  0  0  0  0  0  0  0  0  0  0  0  0  0  0  0  0  0  0  0  0  0  0  0  0  0
0  0  0  0  0  0  0  0  9  81 81 69 0  0  0  0  0  0  0  0  0  0  0  0  0  0  0  0  0  0  0  0  0  0  0  0  0  0  0  0
0  0  0  0  0  0  0  1  81 81 81 81 41 0  0  0  0  0  0  0  0  0  0  0  0  0  0  0  0  0  0  0  0  0  0  0  0  0  0  0
0  0  0  0  0  0  0  2  81 81 81 81 42 0  0  0  0  0  0  0  0  0  0  0  0  0  0  0  0  0  0  0  0  0  0  0  0  0  0  0
0  0  0  0  0  62 61 20 81 81 81 81 80 62 61 0  0  0  0  0  62 61 62 61 62 61 0  0  0  0  0  0  0  0  0  0  0  0  0  0
0  0  0  0  9  81 81 81 81 81 81 81 81 81 81 69 0  0  0  9  81 81 81 81 81 81 69 0  0  0  0  0  0  0  0  0  0  0  0  0
0  0  0  1  81 81 81 81 81 81 81 81 81 81 81 81 41 0  1  81 81 81 81 81 81 81 81 41 0  0  0  0  0  0  0  0  0  0  0  0
0  0  0  2  81 81 81 81 81 81 81 81 81 81 81 81 42 0  2  81 81 60 22 21 40 81 81 42 0  0  0  0  0  0  0  0  0  0  0  0
0  0  0  0  29 81 81 81 81 81 81 81 81 81 81 49 0  0  1  81 81 41 0  0  1  81 81 41 0  0  0  0  0  0  0  0  0  0  0  0
0  0  0  0  0  22 21 40 81 81 81 81 60 22 21 0  0  0  2  81 81 42 0  0  2  81 81 42 0  0  0  0  0  0  0  0  0  0  0  0
0  0  0  0  0  0  0  1  81 81 81 81 41 0  0  0  0  0  1  81 81 80 62 61 20 81 81 41 0  0  0  0  0  0  0  0  0  0  0  0
0  0  0  0  0  0  0  2  81 81 81 81 42 0  0  0  0  0  2  81 81 81 81 81 81 81 81 42 0  0  0  0  0  0  0  0  0  0  0  0
0  0  0  0  0  0  0  0  29 81 81 49 0  0  0  0  0  0  0  29 81 81 81 81 81 81 49 0  0  0  0  0  0  0  0  0  0  0  0  0
0  0  0  0  0  0  0  0  0  22 21 0  0  0  0  0  0  0  0  0  22 21 22 21 22 21 0  0  0  0  0  0  0  0  0  0  0  0  0  0
0  0  0  0  0  0  0  0  0  0  0  0  0  0  0  0  0  0  0  0  0  0  0  0  0  0  0  0  0  0  0  0  0  0  0  0  0  0  0  0
0  0  0  0  0  0  0  0  0  0  0  0  0  0  0  0  0  0  0  0  0  0  0  0  0  0  0  0  0  0  0  0  0  0  0  0  0  0  0  0
0  0  0  0  0  0  0  0  0  0  0  0  0  0  0  0  0  0  0  0  0  0  0  0  0  0  0  0  0  0  0  0  0  0  0  0  0  0  0  0
0  0  0  0  0  0  0  0  0  0  0  0  0  0  0  0  0  0  0  0  0  0  0  0  0  0  0  0  0  0  0  0  0  0  0  0  0  0  0  0
0  0  0  0  0  0  0  0  0  0  0  0  0  0  0  0  0  0  0  0  0  0  0  0  0  0  0  0  0  0  0  0  0  0  0  0  0  0  0  0

0  0  0  0  0  0  0  0  0  0  0  0  0  0  0  0  0  0  0  0  0  0  0  0  0  0  0  0  0  0  0  0  0  0  0  0  0  0  0  0
0  0  0  0  0  0  0  0  0  62 61 0  0  0  0  0  0  0  0  0  0  0  0  0  0  0  0  0  0  0  0  0  0  0  0  0  0  0  0  0
0  0  0  0  0  0  0  0  9  81 81 69 0  0  0  0  0  0  0  0  0  0  0  0  0  0  0  0  0  0  0  0  0  0  0  0  0  0  0  0
0  0  0  0  0  0  0  1  81 81 81 81 41 0  0  0  0  0  0  0  0  0  0  0  0  0  0  0  0  0  0  0  0  0  0  0  0  0  0  0
0  0  0  0  0  0  0  2  81 81 81 81 42 0  0  0  0  0  0  0  0  0  0  0  0  0  0  0  0  0  0  0  0  0  0  0  0  0  0  0
0  0  0  0  0  62 61 20 81 81 81 81 80 62 61 0  0  0  0  0  66 65 66 65 66 65 0  0  0  0  0  0  0  0  0  0  0  0  0  0
0  0  0  0  9  81 81 81 81 81 81 81 81 81 81 69 0  0  0  10 67 67 67 67 67 67 70 0  0  0  0  0  0  0  0  0  0  0  0  0
0  0  0  1  81 81 81 81 81 81 81 81 81 81 81 81 41 0  5  7  58 27 27 27 27 38 47 45 0  0  0  0  0  0  0  0  0  0  0  0
0  0  0  2  81 81 81 81 81 81 81 81 81 81 81 81 42 0  6  7  47 59 26 25 39 7  47 46 0  0  0  0  0  0  0  0  0  0  0  0
0  0  0  0  29 81 81 81 81 81 81 81 81 81 81 49 0  0  5  7  47 45 0  0  5  7  47 45 0  0  0  0  0  0  0  0  0  0  0  0
0  0  0  0  0  22 21 40 81 81 81 81 60 22 21 0  0  0  6  7  47 46 0  0  6  7  47 46 0  0  0  0  0  0  0  0  0  0  0  0
0  0  0  0  0  0  0  1  81 81 81 81 41 0  0  0  0  0  5  7  47 79 66 65 19 7  47 45 0  0  0  0  0  0  0  0  0  0  0  0
0  0  0  0  0  0  0  2  81 81 81 81 42 0  0  0  0  0  6  7  78 67 67 67 67 18 47 46 0  0  0  0  0  0  0  0  0  0  0  0
0  0  0  0  0  0  0  0  29 81 81 49 0  0  0  0  0  0  0  30 27 27 27 27 27 27 50 0  0  0  0  0  0  0  0  0  0  0  0  0
0  0  0  0  0  0  0  0  0  22 21 0  0  0  0  0  0  0  0  0  26 25 26 25 26 25 0  0  0  0  0  0  0  0  0  0  0  0  0  0
0  0  0  0  0  0  0  0  0  0  0  0  0  0  0  0  0  0  0  0  0  0  0  0  0  0  0  0  0  0  0  0  0  0  0  0  0  0  0  0
0  0  0  0  0  0  0  0  0  0  0  0  0  0  0  0  0  0  0  0  0  0  0  0  0  0  0  0  0  0  0  0  0  0  0  0  0  0  0  0
0  0  0  0  0  0  0  0  0  0  0  0  0  0  0  0  0  0  0  0  0  0  0  0  0  0  0  0  0  0  0  0  0  0  0  0  0  0  0  0
0  0  0  0  0  0  0  0  0  0  0  0  0  0  0  0  0  0  0  0  0  0  0  0  0  0  0  0  0  0  0  0  0  0  0  0  0  0  0  0
0  0  0  0  0  0  0  0  0  0  0  0  0  0  0  0  0  0  0  0  0  0  0  0  0  0  0  0  0  0  0  0  0  0  0  0  0  0  0  0

0  0  0  0  0  0  0  0  0  0  0  0  0  0  0  0  0  0  0  0  0  0  0  0  0  0  0  0  0  0  0  0  0  0  0  0  0  0  0  0
0  0  0  0  0  0  0  0  0  66 65 0  0  0  0  0  0  0  0  0  0  0  0  0  0  0  0  0  0  0  0  0  0  0  0  0  0  0  0  0
0  0  0  0  0  0  0  0  10 67 67 70 0  0  0  0  0  0  0  0  0  0  0  0  0  0  0  0  0  0  0  0  0  0  0  0  0  0  0  0
0  0  0  0  0  0  0  5  7  81 81 47 45 0  0  0  0  0  0  0  0  0  0  0  0  0  0  0  0  0  0  0  0  0  0  0  0  0  0  0
0  0  0  0  0  0  0  6  7  81 81 47 46 0  0  0  0  0  0  0  0  0  0  0  0  0  0  0  0  0  0  0  0  0  0  0  0  0  0  0
0  0  0  0  0  66 65 19 7  81 81 47 79 66 65 0  0  0  0  0  0  0  0  0  0  0  0  0  0  0  0  0  0  0  0  0  0  0  0  0
0  0  0  0  10 67 67 67 18 81 81 78 67 67 67 70 0  0  0  0  0  0  0  0  0  0  0  0  0  0  0  0  0  0  0  0  0  0  0  0
0  0  0  5  7  81 81 81 81 81 81 81 81 81 81 47 45 0  0  0  0  0  0  0  0  0  0  0  0  0  0  0  0  0  0  0  0  0  0  0
0  0  0  6  7  81 81 81 81 81 81 81 81 81 81 47 46 0  0  0  0  0  0  0  0  0  0  0  0  0  0  0  0  0  0  0  0  0  0  0
0  0  0  0  30 27 27 27 38 81 81 58 27 27 27 50 0  0  0  0  0  0  0  0  0  0  0  0  0  0  0  0  0  0  0  0  0  0  0  0
0  0  0  0  0  26 25 39 7  81 81 47 59 26 25 0  0  0  0  0  0  0  0  0  0  0  0  0  0  0  0  0  0  0  0  0  0  0  0  0
0  0  0  0  0  0  0  5  7  81 81 47 45 0  0  0  0  0  0  0  0  0  0  0  0  0  0  0  0  0  0  0  0  0  0  0  0  0  0  0
0  0  0  0  0  0  0  6  7  81 81 47 46 0  0  0  0  0  0  0  0  0  0  0  0  0  0  0  0  0  0  0  0  0  0  0  0  0  0  0
0  0  0  0  0  0  0  0  30 27 27 50 0  0  0  0  0  0  0  0  0  0  0  0  0  0  0  0  0  0  0  0  0  0  0  0  0  0  0  0
0  0  0  0  0  0  0  0  0  26 25 0  0  0  0  0  0  0  0  0  0  0  0  0  0  0  0  0  0  0  0  0  0  0  0  0  0  0  0  0
0  0  0  0  0  0  0  0  0  0  0  0  0  0  0  0  0  0  0  0  0  0  0  0  0  0  0  0  0  0  0  0  0  0  0  0  0  0  0  0
0  0  0  0  0  0  0  0  0  0  0  0  0  0  0  0  0  0  0  0  0  0  0  0  0  0  0  0  0  0  0  0  0  0  0  0  0  0  0  0
0  0  0  0  0  0  0  0  0  0  0  0  0  0  0  0  0  0  0  0  0  0  0  0  0  0  0  0  0  0  0  0  0  0  0  0  0  0  0  0
0  0  0  0  0  0  0  0  0  0  0  0  0  0  0  0  0  0  0  0  0  0  0  0  0  0  0  0  0  0  0  0  0  0  0  0  0  0  0  0
0  0  0  0  0  0  0  0  0  0  0  0  0  0  0  0  0  0  0  0  0  0  0  0  0  0  0  0  0  0  0  0  0  0  0  0  0  0  0  0

0  0  0  0  0  0  0  0  0  0  0  0  0  0  0  0  0  0  0  0  0  0  0  0  0  0  0  0  0  0  0  0  0  0  0  0  0  0  0  0
0  0  0  0  0  0  0  0  0  0  0  0  0  0  0  0  0  0  0  0  0  0  0  0  0  0  0  0  0  0  0  0  0  0  0  0  0  0  0  0
0  0  0  0  0  0  0  0  0  0  0  0  0  0  0  0  0  0  0  0  0  0  0  0  0  0  0  0  0  0  0  0  0  0  0  0  0  0  0  0
0  0  0  0  0  0  0  0  0  17 77 0  0  0  0  0  0  0  0  0  0  0  0  0  0  0  0  0  0  0  0  0  0  0  0  0  0  0  0  0
0  0  0  0  0  0  0  0  0  7  47 0  0  0  0  0  0  0  0  0  0  0  0  0  0  0  0  0  0  0  0  0  0  0  0  0  0  0  0  0
0  0  0  0  0  0  0  0  0  7  47 0  0  0  0  0  0  0  0  0  0  0  0  0  0  0  0  0  0  0  0  0  0  0  0  0  0  0  0  0
0  0  0  0  0  0  0  0  0  7  47 0  0  0  0  0  0  0  0  0  0  0  0  0  0  0  0  0  0  0  0  0  0  0  0  0  0  0  0  0
0  0  0  0  0  17 67 67 67 18 78 67 67 67 77 0  0  0  0  0  0  0  0  0  0  0  0  0  0  0  0  0  0  0  0  0  0  0  0  0
0  0  0  0  0  37 27 27 27 38 58 27 27 27 57 0  0  0  0  0  0  0  0  0  0  0  0  0  0  0  0  0  0  0  0  0  0  0  0  0
0  0  0  0  0  0  0  0  0  7  47 0  0  0  0  0  0  0  0  0  0  0  0  0  0  0  0  0  0  0  0  0  0  0  0  0  0  0  0  0
0  0  0  0  0  0  0  0  0  7  47 0  0  0  0  0  0  0  0  0  0  0  0  0  0  0  0  0  0  0  0  0  0  0  0  0  0  0  0  0
0  0  0  0  0  0  0  0  0  7  47 0  0  0  0  0  0  0  0  0  0  0  0  0  0  0  0  0  0  0  0  0  0  0  0  0  0  0  0  0
0  0  0  0  0  0  0  0  0  37 57 0  0  0  0  0  0  0  0  0  0  0  0  0  0  0  0  0  0  0  0  0  0  0  0  0  0  0  0  0
0  0  0  0  0  0  0  0  0  0  0  0  0  0  0  0  0  0  0  0  0  0  0  0  0  0  0  0  0  0  0  0  0  0  0  0  0  0  0  0
0  0  0  0  0  0  0  0  0  0  0  0  0  0  0  0  0  0  0  0  0  0  0  0  0  0  0  0  0  0  0  0  0  0  0  0  0  0  0  0
0  0  0  0  0  0  0  0  0  0  0  0  0  0  0  0  0  0  0  0  0  0  0  0  0  0  0  0  0  0  0  0  0  0  0  0  0  0  0  0
0  0  0  0  0  0  0  0  0  0  0  0  0  0  0  0  0  0  0  0  0  0  0  0  0  0  0  0  0  0  0  0  0  0  0  0  0  0  0  0
0  0  0  0  0  0  0  0  0  0  0  0  0  0  0  0  0  0  0  0  0  0  0  0  0  0  0  0  0  0  0  0  0  0  0  0  0  0  0  0
0  0  0  0  0  0  0  0  0  0  0  0  0  0  0  0  0  0  0  0  0  0  0  0  0  0  0  0  0  0  0  0  0  0  0  0  0  0  0  0
0  0  0  0  0  0  0  0  0  0  0  0  0  0  0  0  0  0  0  0  0  0  0  0  0  0  0  0  0  0  0  0  0  0  0  0  0  0  0  0

0  0  0  0  0  0  0  0  0  0  0  0  0  0  0  0  0  0  0  0  0  0  0  0  0  0  0  0  0  0  0  0  0  0  0  0  0  0  0  0
0  0  0  0  0  0  0  0  0  0  0  0  0  0  0  0  0  0  0  0  0  0  0  0  0  0  0  0  0  0  0  0  0  0  0  0  0  0  0  0
0  0  0  0  0  0  0  0  0  0  0  0  0  0  0  0  0  0  0  0  0  0  0  0  0  0  0  0  0  0  0  0  0  0  0  0  0  0  0  0
0  0  0  0  0  0  0  0  0  0  0  0  0  0  0  0  0  0  0  0  0  0  0  0  0  0  0  0  0  0  0  0  0  0  0  0  0  0  0  0
0  0  0  0  0  0  0  0  0  0  0  0  0  0  0  0  0  0  0  0  0  0  0  0  0  0  0  0  0  0  0  0  0  0  0  0  0  0  0  0
0  0  0  0  0  0  0  0  0  0  0  0  0  0  0  0  0  0  0  0  0  0  0  0  0  0  0  0  0  0  0  0  0  0  0  0  0  0  0  0
0  0  0  0  0  0  0  0  0  0  0  0  0  0  0  0  0  0  0  0  0  0  0  0  0  0  0  0  0  0  0  0  0  0  0  0  0  0  0  0
0  0  0  0  0  0  0  0  0  0  0  0  0  0  0  0  0  0  0  0  0  0  0  0  0  0  0  0  0  0  0  0  0  0  0  0  0  0  0  0
0  0  0  0  0  0  0  0  0  0  0  0  0  0  0  0  0  0  0  0  0  0  0  0  0  0  0  0  0  0  0  0  0  0  0  0  0  0  0  0
0  0  0  0  0  0  0  0  0  0  0  0  0  0  0  0  0  0  0  0  0  0  0  0  0  0  0  0  0  0  0  0  0  0  0  0  0  0  0  0
0  0  0  0  0  0  0  0  0  0  0  0  0  0  0  0  0  0  0  0  0  0  0  0  0  0  0  0  0  0  0  0  0  0  0  0  0  0  0  0
0  0  0  0  0  0  0  0  0  0  0  0  0  0  0  0  0  0  0  0  0  0  0  0  0  0  0  0  0  0  0  0  0  0  0  0  0  0  0  0
0  0  0  0  0  0  0  0  0  0  0  0  0  0  0  0  0  0  0  0  0  0  0  0  0  0  0  0  0  0  0  0  0  0  0  0  0  0  0  0
0  0  0  0  0  0  0  0  0  0  0  0  0  0  0  0  0  0  0  0  0  0  0  0  0  0  0  0  0  0  0  0  0  0  0  0  0  0  0  0
0  0  0  0  0  0  0  0  0  0  0  0  0  0  0  0  0  0  0  0  0  0  0  0  0  0  0  0  0  0  0  0  0  0  0  0  0  0  0  0
0  0  0  0  0  0  0  0  0  0  0  0  0  0  0  0  0  0  0  0  0  0  0  0  0  0  0  0  0  0  0  0  0  0  0  0  0  0  0  0
0  0  0  0  0  0  0  0  0  0  0  0  0  0  0  0  0  0  0  0  0  0  0  0  0  0  0  0  0  0  0  0  0  0  0  0  0  0  0  0
0  0  0  0  0  0  0  0  0  0  0  0  0  0  0  0  0  0  0  0  0  0  0  0  0  0  0  0  0  0  0  0  0  0  0  0  0  0  0  0
0  0  0  0  0  0  0  0  0  0  0  0  0  0  0  0  0  0  0  0  0  0  0  0  0  0  0  0  0  0  0  0  0  0  0  0  0  0  0  0
0  0  0  0  0  0  0  0  0  0  0  0  0  0  0  0  0  0  0  0  0  0  0  0  0  0  0  0  0  0  0  0  0  0  0  0  0  0  0  0

<Objects>
3D Studio Scenes\parliament.max
out(1)
$out
$out_window
#
in(2)
$in
$in_window
#
out_bottom(3)
$out_bottom
$out_window_bottom
$out_bottom_white
#
in_bottom(4)
$in_bottom
$in_window_bottom
$in_bottom_white
#
out_top(5)
$out_top
$top_roof
#
in_top(6)
$in_top
$top_roof
#
roof(7)
$roof
#
corner_bottom(8)
$corner_bottom
$corner_window_bottom
$corner_bottom_white
#
corner(9)
$corner
$corner_window
#
merge(10)
$merge
$merge_roof
$merge_window
$corner_top
$corner_roof
$corner
$corner_window
#
ground(11)
#
out_bottom2(12)
#
in_bottom2(13)
#
corner(14)
#
corner(15)
#
corner(16)
$double_window_bottom01
$double_bottom01
$double_white01
#
corner_roof(17)
$merge_roof
#
filler(18)
$roof03
$roof
#
filler(19)
$double_top01
$double_roof01
#
filler(20)
$double01
$double_window01
#
out(1)
$out01
$out_window01
#
in(2)
$in01
$in_window01
#
out_bottom(3)
$out_bottom01
$out_window_bottom01
$out_bottom_white01
#
in_bottom(4)
$in_bottom01
$in_window_bottom01
$in_bottom_white01
#
out_top(5)
$out_top01
$top_roof01
#
in_top(6)
$in_top01
$top_roof01
#
roof(7)
$roof01
#
corner_bottom(8)
$corner_bottom01
$corner_window_bottom01
$corner_bottom_white01
#
corner(9)
$corner01
$corner_window01
#
merge(10)
$merge01
$merge_roof01
$merge_window01
$corner_top01
$corner_roof01
$corner01
$corner_window01
#
ground(11)
#
out_bottom2(12)
#
in_bottom2(13)
#
corner(14)
#
corner(15)
#
corner(16)
$double_window_bottom
$double_bottom
$double_white
#
corner_roof(17)
$merge_roof01
#
filler(18)
$roof
$roof01
#
filler(19)
$double_top
$double_roof
#
filler(20)
$double
$double_window
#
out(1)
$out02
$out_window02
#
in(2)
$in02
$in_window02
#
out_bottom(3)
$out_bottom02
$out_window_bottom02
$out_bottom_white02
#
in_bottom(4)
$in_bottom02
$in_window_bottom02
$in_bottom_white02
#
out_top(5)
$out_top02
$top_roof02
#
in_top(6)
$in_top02
$top_roof02
#
roof(7)
$roof02
#
corner_bottom(8)
$corner_bottom02
$corner_window_bottom02
$corner_bottom_white02
#
corner(9)
$corner02
$corner_window02
#
merge(10)
$merge02
$merge_roof02
$merge_window02
$corner_top02
$corner_roof02
$corner02
$corner_window02
#
ground(11)
#
out_bottom2(12)
#
in_bottom2(13)
#
corner(14)
#
corner(15)
#
corner(16)
$double_window_bottom03
$double_bottom03
$double_white03
#
corner_roof(17)
$merge_roof02
#
filler(18)
$roof02
$roof01
#
filler(19)
$double_top03
$double_roof03
#
filler(20)
$double03
$double_window03
#
out(1)
$out03
$out_window03
#
in(2)
$in03
$in_window03
#
out_bottom(3)
$out_bottom03
$out_window_bottom03
$out_bottom_white03
#
in_bottom(4)
$in_bottom03
$in_window_bottom03
$in_bottom_white03
#
out_top(5)
$out_top03
$top_roof03
#
in_top(6)
$in_top03
$top_roof03
#
roof(7)
$roof03
#
corner_bottom(8)
$corner_bottom03
$corner_window_bottom03
$corner_bottom_white03
#
corner(9)
$corner03
$corner_window03
#
merge(10)
$merge03
$merge_roof03
$merge_window03
$corner_top03
$corner_roof03
$corner03
$corner_window03
#
ground(11)
#
out_bottom2(12)
#
in_bottom2(13)
#
corner(14)
#
corner(15)
#
corner(16)
$double_window_bottom02
$double_bottom02
$double_white02
#
corner_roof(17)
$merge_roof03
#
filler(18)
$roof02
$roof03
#
filler(19)
$double_top02
$double_roof02
#
filler(20)
$double02
$double_window02
#
inside(81)
#
ground_inside(82)
#
(83)
#
(84)
#
(85)
#
(86)
#
(87)
#
(88)
#
(89)
#
(90)
#
(91)
#
(92)
#
(93)
#
(94)
#